#time0:out7_ch0_pos0,out6_ch0_pos0,...,out0_ch0_pos0#
#time1:out7_ch0_pos1,out6_ch0_pos1,...,out0_ch0_pos1#
#...72Rowstotal(8ChannelsĂ—9KernelPositions)#
01010000000100000000000000000000
01000101000000010000000000000000
00000100010100000000000000000000
00000000000000000101000000010000
00000000000000000100010100000001
00000000000000000000010001010000
00000000000000000000000000000000
00000000000000000000000000000000
00000000000000000000000000000000
00000000000000000000000000000000
00000000000000000000000000000000
00000000000000000000000000000000
00000000000000000000000000000000
00000000000000000000000000000000
00000000000000000000000000000000
00000000000000000000000000000000
00000000000000000000000000000000
00000000000000000000000000000000
00000000001000000000000000000000
00000000000000100000000000000000
00000000000000000000000000000000
00000000000100000000000000100000
00000000000000010000000000000010
00000000000000000000000000000000
00000000000100000000000000010000
00000000000000010000000000000001
00000000000000000000000000000000
01100011000100000000000000000000
01000110001100010000000000000000
00000100011000110000000000000000
00000000000000000110001100010000
00000000000000000100011000110001
00000000000000000000010001100011
00000000000000000000000000000000
00000000000000000000000000000000
00000000000000000000000000000000
01010001000100000000000000000000
00010101000100010000000000000000
00000001010100010000000000000000
01110100001100000101000100010000
00100111010000110001010100010001
00000010011101000000000101010001
00100011001000000111010000110000
00000010001100100010011101000011
00000000001000110000001001110100
00000000001000000000000000000000
00000000000000100000000000000000
00000000000000000000000000000000
00000000000000000000000000100000
00000000000000000000000000000010
00000000000000000000000000000000
01000010000100000000000000000000
00110100001000010000000000000000
00000011010000100000000000000000
00100010000100000000000000000000
00100010001000010000000000000000
00000010001000100000000000000000
00000000000000000010001000010000
00000000000000000010001000100001
00000000000000000000001000100010
00000000000000000000000000000000
00000000000000000000000000000000
00000000000000000000000000000000
00000010000000000000000000000000
00100000001000000000000000000000
00000010000000100000000000000000
00111010010000000000001000000000
00110011101001000010000000100000
00000011001110100000001000000010
01011011010100000011101001000000
00110101101101010011001110100100
00000011010110110000001100111010
