#time0:out7_ch0_pos0,out6_ch0_pos0,...,out0_ch0_pos0#
#time1:out7_ch0_pos1,out6_ch0_pos1,...,out0_ch0_pos1#
#72RowsTotal(8InputChannelsĂ—9KernelPositions)#
10010000110001111101000011111001
11000111101101110010001001101001
11110000001001111100010101111001
10011001100101111111011100101001
11111101001101111111010101110101
01111011111101111001011101110111
10011001011110010111111110100111
00011111010000001001101111000001
01001110010111111001100100101101
01110111011100011111011100100000
01110000011100011101101001001001
01110000011101001101100110111001
00001111000001110111010010010111
11101111011100100010100101110010
00011100011101001111100110100111
10110111100111111100011110010000
10010010110111110000000000100011
01110000000111100000000111100000
11100111111010111111111111110001
11111001101101110111001000100100
00001001111001110111011111011001
00000111111101101110111101011110
00100111111101000111111000001100
01110001111101000111000000011011
01110111111011101001110011111111
01000111111010011001101110111110
01110100111010010001100110011001
11001001011101001111100111101110
11111110111000010001100100001110
01110111011100010001111000000111
01111011011111011010011101111001
11000001010100000001001000101001
11001011011001000111011111011101
01110000011110010000011100001101
00010111100111011100011110011111
10010000000001101011011110011001
01110111010111100111001001010111
11100111001101110111111101100111
10011100100101111011001101111110
01110101001011010111101101010011
11110111011111100001010000100111
10010000011110010111011101110000
00111100111010101001101101001001
11011111011110011101111100100101
10011001011110011110000001011110
01101101011111101101000001001011
11101011110000111100110101111100
00011001011111110111000000010100
01011100100101010001100100011110
01111011100110010101110001110001
00101001110110010111000001110100
00101111010001111100100110010111
10111101111000010010110110010111
11001110000110010111001110010111
10010001111010010011001010011001
11010111001011100001001001111001
11100111111110011001000001111110
10010001010011110111111010010010
00010111001111100100001111100011
00110011000010010010111101010111
00100100001111001101111010010100
01110001111000010011111110010100
00011001100101001001111110010010
00101001100111001001010010010111
00010100000000011001011111010100
01111111101111011111111110110010
00011100001110111001000100010011
01000101000000001101011111010110
00110110010010011111010000100111
11100001010110111001111001000111
11010101101101011110011100101110
11101111110011011001101100010100
