00101000100
00101101001
00110001110
00110110110
00111011011
01000000000
01000101000
01001001101
01001110010
00101000101
00101101010
00110001111
00110110111
00111011100
01000000001
01000101001
01001001110
01001110011
00101000110
00101101011
00110010000
00110111000
00111011101
01000000010
01000101010
01001001111
01001110100
00101000111
00101101100
00110010001
00110111001
00111011110
01000000011
01000101011
01001010000
01001110101
00101001010
00101101111
00110010100
00110111100
00111100001
01000000110
01000101110
01001010011
01001111000
00101001011
00101110000
00110010101
00110111101
00111100010
01000000111
01000101111
01001010100
01001111001
00101001100
00101110001
00110010110
00110111110
00111100011
01000001000
01000110000
01001010101
01001111010
00101001101
00101110010
00110010111
00110111111
00111100100
01000001001
01000110001
01001010110
01001111011
00101010000
00101110101
00110011010
00111000010
00111100111
01000001100
01000110100
01001011001
01001111110
00101010001
00101110110
00110011011
00111000011
00111101000
01000001101
01000110101
01001011010
01001111111
00101010010
00101110111
00110011100
00111000100
00111101001
01000001110
01000110110
01001011011
01010000000
00101010011
00101111000
00110011101
00111000101
00111101010
01000001111
01000110111
01001011100
01010000001
00101010110
00101111011
00110100000
00111001000
00111101101
01000010010
01000111010
01001011111
01010000100
00101010111
00101111100
00110100001
00111001001
00111101110
01000010011
01000111011
01001100000
01010000101
00101011000
00101111101
00110100010
00111001010
00111101111
01000010100
01000111100
01001100001
01010000110
00101011001
00101111110
00110100011
00111001011
00111110000
01000010101
01000111101
01001100010
01010000111
